-0.05779109818511346 0.41302962216471784 -0.13682035707016396
-0.6249272765266273 0.20686272923696106 0.023429657710424073
-0.4404875980272942 0.4140340613518924 -0.12113627287100272
-0.28335817792382995 -0.21214639484377926 -0.06539537190237903
-0.46753675213253004 0.3766536075819956 -0.12459314832212645
-0.2926715995654344 0.23274534297138344 0.09852667874083945
0.36969700252173193 0.5351516949936275 0.054496643021411155
0.34233036362599295 0.1200530777094268 -0.08226912823204482
-0.46816505261264435 -0.3433429216241499 0.13823272866834915
-0.6599570235748035 -0.004141266750212195 0.0030973746316553924
0.3527004723440061 -0.05378237085915322 0.07132536931803476
-0.07678246226266973 0.33423289179022253 -0.030526202380841107
-0.4687979116956834 -0.19192340942148833 0.1598653401383618
-0.01649449202317768 -0.6580593050450646 -0.023492031327387513
-0.2852128416323303 0.27906707958833216 -0.12411697479446743
0.33739503230622536 0.11956885122395848 0.07364340636240484
0.49160936379001025 0.4184507199606436 -0.06636890852315679
-0.3927457800543712 -0.514932376785851 0.061724758068374505
-0.15380340115433522 -0.4869417760518496 -0.15964487656728132
0.2724799646851788 -0.585359573969211 -0.06618105688543553
-0.5005955130561158 -0.20370831568227057 0.15480081646643026
-0.021866157624196515 0.3703053959781816 -0.09458438700015155
0.32430396443541526 0.11727091493818388 0.039118792492092214
-0.34695193727286977 -0.11233636717290213 -0.0853805293874833
-0.31215416103733584 0.14711595747230108 -0.04001491872670568
-0.37126511216416785 0.0046295718993416115 -0.0950513510056462
-0.08701904225087469 0.6538938000831476 -0.010447214291636382
-0.450155639603515 -0.2933552837794772 0.15559011617731697
0.3861505448845946 0.14440859247774535 0.13380339124839977
0.20552240538909816 -0.4399908510967642 -0.15935291805896948
0.17151089475082631 -0.6239185537851455 -0.06302788512318917
-0.14079383835938333 0.3974076043655017 0.1394816876115598
0.6114593208393797 -0.044615367987262546 -0.11318929684985321
-0.541856728722306 0.21875457795502698 0.13596124065234277
-0.023926472600281575 -0.6582401872670225 -0.020549379383135665
-0.3625896953840692 -0.05548764788305909 -0.08866024019016436
-0.05183226265368441 -0.626237404580434 0.09549289552937307
-0.0397587876907071 0.48204192560084314 0.1591653805065891
0.5637287951247778 -0.15384247717398192 0.13596369175130946
0.28686790647602006 0.22469993875967045 -0.08491827610848106
0.48544165685723484 -0.16795929949266175 0.1594143757039009
-0.21762168727013395 0.33991322742202196 0.12770579236259186
-0.1650779463609664 -0.329566897072208 0.09128922182612968
0.3746039477562603 0.23956715208217752 -0.1501240762730787
-0.3689283307548287 0.04896008141828694 -0.09621677887277405
0.4663543181485149 -0.2588040122216421 0.15648498207075057
-0.47978444552136695 -0.010022614507097514 -0.15873106968541034
0.38718551359911135 -0.39086134039977927 -0.1519313562808842
0.18267721516605126 0.3239332787146774 -0.09585596456593219
0.3855114298934775 0.49683393681403054 0.09484452995183076
-0.17768016581870869 0.5726821611042289 -0.12520925823128992
0.5335980822775718 0.36584371350587475 -0.06324707690814059
0.35944544716164556 -0.4798410325819114 -0.12526671336569123
-0.19878466041111226 -0.6203513313898128 -0.051684264582406936
0.324156732851417 0.5617140155457179 -0.05947069593280327
-0.38370321705320176 -0.007474874768838459 -0.10996356747099428
0.4471782340249742 0.10759153765480398 -0.15490369130116555
-0.6267683070101479 -0.205902794045398 -0.009410361782543432
0.2151703708443345 0.46227266733073535 0.15969365007473543
0.12050387647366159 -0.3183813594765947 0.011627855786602484
-0.5828374696954167 -0.28659047983261726 0.0570401428800118
-0.11358397656525542 0.6121388435031873 0.10282162932558751
0.32642218689946984 -0.25019691250076653 0.13314834329262581
-0.25786669242793164 -0.4999161962254298 -0.14728602766872345
0.5613990119064396 -0.17414609304939427 -0.13376517030378307
-0.08680811075024304 0.37301883171174466 -0.1091231063648824
-0.3685487508181404 0.09748867820506281 0.1072026735801496
0.5679652602822001 -0.3143109811041434 0.05795537030607639
0.138436471951888 0.6359109532204762 -0.05345834114295049
0.004848301241284297 0.5187549980960463 0.15889430360477128
-0.1976051705180546 -0.3243564868696765 -0.10561317019081155
-0.14122547021585735 -0.4387027321893919 -0.15514234001142646
-0.3071202646101762 -0.43006544110039374 -0.1574469260988877
0.22018831395530808 -0.317411596682459 -0.112578316481091
-0.4518838756621168 0.3064297494078696 -0.15324978629024913
-0.5312761448999137 0.042426700549738856 0.15656673740977944
-0.3621933078031935 0.55158895934124 0.0063356328659354335
0.38285213225506964 -0.08994731419710558 -0.11920595208353005
0.21867629641725495 0.2925985482439258 -0.08632442485854261
-0.0006921598805877064 0.46031000208928 0.15499917862505405
0.4545489669299639 0.10413230015216138 -0.1564159306659913
0.31182384111867717 -0.14024133692844887 0.024641929935393256
0.06406904394124667 0.3445319527822348 -0.05684490708925093
-0.01745329456404252 0.40208130213656207 0.1268303343747311
-0.12164272314886082 -0.5466483580367633 -0.14831624665036924
0.5411032513965148 0.036805277465972924 0.1542925081066345
0.34653066562704904 -0.32388536144045854 0.15792672288040968
0.3609597940523808 -0.07479363232585738 -0.09133019461173925
0.27768385201779744 0.23792801889455603 -0.08692952487413065
-0.1884371201956541 0.36093029731929005 -0.13031011387747682
-0.3562867244300871 0.2949148909133706 -0.15554568852259038
-0.22624733737240674 -0.6179943405927175 -0.024539093864464415
-0.43731501225500735 -0.017608872261447372 0.14735974580705707
-0.44770154718877275 0.013682885888548754 0.15128348679220002
-0.42150650122328326 -0.3413032921579793 -0.1542904047708111
-0.39678571229713616 0.17589347520245874 0.14576438565463767
-0.24123091043638506 -0.3521272278684389 0.14229022807986247
0.10590654777561082 -0.3239579546992916 -0.016274143970541992
0.23453712557682843 -0.37621380295431883 -0.14962919019801066
0.49080631688272736 -0.4353631477797522 0.035230495186467314
